{
 "cells": [
  {
   "cell_type": "code",
   "execution_count": 1,
   "metadata": {},
   "outputs": [],
   "source": [
    "# Adapted from Mitsuba 3's Official Tutorials:\n",
    "# https://mitsuba.readthedocs.io/en/latest/src/inverse_rendering/shape_optimization.html\n",
    "# https://mitsuba.readthedocs.io/en/stable/src/how_to_guides/mesh_io_and_manipulation.html\n",
    "\n",
    "import drjit as dr\n",
    "import mitsuba as mi\n",
    "import matplotlib.pyplot as plt\n",
    "import os\n",
    "\n",
    "mi.set_variant('llvm_ad_rgb')\n"
   ]
  },
  {
   "cell_type": "code",
   "execution_count": 2,
   "metadata": {},
   "outputs": [],
   "source": [
    "# Dependencies:\n",
    "# !pip install cholespy\n",
    "# !pip install gpytoolbox"
   ]
  },
  {
   "cell_type": "code",
   "execution_count": 3,
   "metadata": {},
   "outputs": [
    {
     "data": {
      "text/plain": [
       "[('Scene',\n",
       "  Properties[\n",
       "    plugin_name = \"scene\",\n",
       "    id = \"_unnamed_0\",\n",
       "    elements = {\n",
       "      \"elm__0\" -> \"elm__0\",\n",
       "      \"elm__1\" -> \"elm__1\",\n",
       "      \"elm__2\" -> \"elm__2\",\n",
       "      \"elm__3\" -> \"elm__3\",\n",
       "      \"elm__4\" -> \"elm__4\",\n",
       "      \"elm__5\" -> \"elm__5\",\n",
       "      \"elm__6\" -> \"elm__6\",\n",
       "      \"elm__7\" -> \"elm__7\",\n",
       "      \"elm__8\" -> \"elm__8\",\n",
       "      \"elm__9\" -> \"elm__9\",\n",
       "      \"elm__10\" -> \"elm__10\",\n",
       "      \"elm__11\" -> \"elm__11\",\n",
       "      \"elm__12\" -> \"elm__12\",\n",
       "      \"elm__13\" -> \"elm__13\",\n",
       "      \"elm__14\" -> \"elm__14\"\n",
       "    }\n",
       "  ]),\n",
       " ('Sensor',\n",
       "  Properties[\n",
       "    plugin_name = \"perspective\",\n",
       "    id = \"elm__14\",\n",
       "    elements = {\n",
       "      \"far_clip\" -> 1000,\n",
       "      \"film\" -> \"_unnamed_28\",\n",
       "      \"fov\" -> 64.0221,\n",
       "      \"fov_axis\" -> \"x\",\n",
       "      \"near_clip\" -> 0.1,\n",
       "      \"principal_point_offset_x\" -> 0,\n",
       "      \"principal_point_offset_y\" -> 0,\n",
       "      \"sampler\" -> \"_unnamed_27\",\n",
       "      \"to_world\" -> [[-0.924944, -0.259631, -0.277615, 2.17347],\n",
       "   [-0.274506, -0.0489222, 0.96034, -2.67508],\n",
       "   [-0.262915, 0.964468, -0.0260199, -2.23297],\n",
       "   [0, 0, 0, 1]]\n",
       "    }\n",
       "  ]),\n",
       " ('Film',\n",
       "  Properties[\n",
       "    plugin_name = \"hdrfilm\",\n",
       "    id = \"_unnamed_28\",\n",
       "    elements = {\n",
       "      \"height\" -> 400,\n",
       "      \"width\" -> 600\n",
       "    }\n",
       "  ]),\n",
       " ('Sampler',\n",
       "  Properties[\n",
       "    plugin_name = \"independent\",\n",
       "    id = \"_unnamed_27\",\n",
       "    elements = {\n",
       "      \"sample_count\" -> 128\n",
       "    }\n",
       "  ]),\n",
       " ('Sensor',\n",
       "  Properties[\n",
       "    plugin_name = \"perspective\",\n",
       "    id = \"elm__13\",\n",
       "    elements = {\n",
       "      \"far_clip\" -> 1000,\n",
       "      \"film\" -> \"_unnamed_26\",\n",
       "      \"fov\" -> 64.0221,\n",
       "      \"fov_axis\" -> \"x\",\n",
       "      \"near_clip\" -> 0.1,\n",
       "      \"principal_point_offset_x\" -> 0,\n",
       "      \"principal_point_offset_y\" -> 0,\n",
       "      \"sampler\" -> \"_unnamed_25\",\n",
       "      \"to_world\" -> [[-0.994695, -0.00129575, 0.102857, 0.36554],\n",
       "   [0.10286, -0.00344105, 0.99469, -2.86139],\n",
       "   [-0.000934934, 0.999993, 0.00355608, -2.3446],\n",
       "   [0, 0, 0, 1]]\n",
       "    }\n",
       "  ]),\n",
       " ('Film',\n",
       "  Properties[\n",
       "    plugin_name = \"hdrfilm\",\n",
       "    id = \"_unnamed_26\",\n",
       "    elements = {\n",
       "      \"height\" -> 400,\n",
       "      \"width\" -> 600\n",
       "    }\n",
       "  ]),\n",
       " ('Sampler',\n",
       "  Properties[\n",
       "    plugin_name = \"independent\",\n",
       "    id = \"_unnamed_25\",\n",
       "    elements = {\n",
       "      \"sample_count\" -> 128\n",
       "    }\n",
       "  ]),\n",
       " ('Film',\n",
       "  Properties[\n",
       "    plugin_name = \"hdrfilm\",\n",
       "    id = \"_unnamed_24\",\n",
       "    elements = {\n",
       "      \"height\" -> 400,\n",
       "      \"width\" -> 600\n",
       "    }\n",
       "  ]),\n",
       " ('Film',\n",
       "  Properties[\n",
       "    plugin_name = \"hdrfilm\",\n",
       "    id = \"_unnamed_22\",\n",
       "    elements = {\n",
       "      \"height\" -> 400,\n",
       "      \"width\" -> 600\n",
       "    }\n",
       "  ]),\n",
       " ('Sampler',\n",
       "  Properties[\n",
       "    plugin_name = \"independent\",\n",
       "    id = \"_unnamed_21\",\n",
       "    elements = {\n",
       "      \"sample_count\" -> 128\n",
       "    }\n",
       "  ]),\n",
       " ('Sensor',\n",
       "  Properties[\n",
       "    plugin_name = \"perspective\",\n",
       "    id = \"elm__11\",\n",
       "    elements = {\n",
       "      \"far_clip\" -> 1000,\n",
       "      \"film\" -> \"_unnamed_22\",\n",
       "      \"fov\" -> 64.0221,\n",
       "      \"fov_axis\" -> \"x\",\n",
       "      \"near_clip\" -> 0.1,\n",
       "      \"principal_point_offset_x\" -> 0,\n",
       "      \"principal_point_offset_y\" -> 0,\n",
       "      \"sampler\" -> \"_unnamed_21\",\n",
       "      \"to_world\" -> [[-0.886821, 0.229873, 0.400883, -1.07143],\n",
       "   [0.397902, -0.0612994, 0.915378, -2.60014],\n",
       "   [0.234995, 0.971288, -0.0371054, -2.38561],\n",
       "   [0, 0, 0, 1]]\n",
       "    }\n",
       "  ]),\n",
       " ('Film',\n",
       "  Properties[\n",
       "    plugin_name = \"hdrfilm\",\n",
       "    id = \"_unnamed_20\",\n",
       "    elements = {\n",
       "      \"height\" -> 400,\n",
       "      \"width\" -> 600\n",
       "    }\n",
       "  ]),\n",
       " ('Film',\n",
       "  Properties[\n",
       "    plugin_name = \"hdrfilm\",\n",
       "    id = \"_unnamed_8\",\n",
       "    elements = {\n",
       "      \"height\" -> 400,\n",
       "      \"width\" -> 600\n",
       "    }\n",
       "  ]),\n",
       " ('Sensor',\n",
       "  Properties[\n",
       "    plugin_name = \"perspective\",\n",
       "    id = \"elm__12\",\n",
       "    elements = {\n",
       "      \"far_clip\" -> 1000,\n",
       "      \"film\" -> \"_unnamed_24\",\n",
       "      \"fov\" -> 64.0221,\n",
       "      \"fov_axis\" -> \"x\",\n",
       "      \"near_clip\" -> 0.1,\n",
       "      \"principal_point_offset_x\" -> 0,\n",
       "      \"principal_point_offset_y\" -> 0,\n",
       "      \"sampler\" -> \"_unnamed_23\",\n",
       "      \"to_world\" -> [[-0.538345, 0.435982, 0.721182, -2.87239],\n",
       "   [0.699711, -0.245695, 0.670849, -1.53885],\n",
       "   [0.469669, 0.865768, -0.172793, -1.58024],\n",
       "   [0, 0, 0, 1]]\n",
       "    }\n",
       "  ]),\n",
       " ('Sensor',\n",
       "  Properties[\n",
       "    plugin_name = \"perspective\",\n",
       "    id = \"elm__4\",\n",
       "    elements = {\n",
       "      \"far_clip\" -> 1000,\n",
       "      \"film\" -> \"_unnamed_8\",\n",
       "      \"fov\" -> 64.0221,\n",
       "      \"fov_axis\" -> \"x\",\n",
       "      \"near_clip\" -> 0.1,\n",
       "      \"principal_point_offset_x\" -> 0,\n",
       "      \"principal_point_offset_y\" -> 0,\n",
       "      \"sampler\" -> \"_unnamed_7\",\n",
       "      \"to_world\" -> [[0.313648, -0.580312, -0.751573, 4.23076],\n",
       "   [-0.829941, -0.552095, 0.0799364, 1.81866],\n",
       "   [-0.461328, 0.598689, -0.654788, 0.998348],\n",
       "   [0, 0, 0, 1]]\n",
       "    }\n",
       "  ]),\n",
       " ('Sensor',\n",
       "  Properties[\n",
       "    plugin_name = \"perspective\",\n",
       "    id = \"elm__5\",\n",
       "    elements = {\n",
       "      \"far_clip\" -> 1000,\n",
       "      \"film\" -> \"_unnamed_10\",\n",
       "      \"fov\" -> 64.0221,\n",
       "      \"fov_axis\" -> \"x\",\n",
       "      \"near_clip\" -> 0.1,\n",
       "      \"principal_point_offset_x\" -> 0,\n",
       "      \"principal_point_offset_y\" -> 0,\n",
       "      \"sampler\" -> \"_unnamed_9\",\n",
       "      \"to_world\" -> [[0.877061, -0.306184, -0.370156, 2.23515],\n",
       "   [-0.426908, -0.8501, -0.308349, 3.73857],\n",
       "   [-0.220258, 0.428463, -0.876302, 2.02305],\n",
       "   [0, 0, 0, 1]]\n",
       "    }\n",
       "  ]),\n",
       " ('Sampler',\n",
       "  Properties[\n",
       "    plugin_name = \"independent\",\n",
       "    id = \"_unnamed_11\",\n",
       "    elements = {\n",
       "      \"sample_count\" -> 128\n",
       "    }\n",
       "  ]),\n",
       " ('Sensor',\n",
       "  Properties[\n",
       "    plugin_name = \"perspective\",\n",
       "    id = \"elm__3\",\n",
       "    elements = {\n",
       "      \"far_clip\" -> 1000,\n",
       "      \"film\" -> \"_unnamed_6\",\n",
       "      \"fov\" -> 64.0221,\n",
       "      \"fov_axis\" -> \"x\",\n",
       "      \"near_clip\" -> 0.1,\n",
       "      \"principal_point_offset_x\" -> 0,\n",
       "      \"principal_point_offset_y\" -> 0,\n",
       "      \"sampler\" -> \"_unnamed_5\",\n",
       "      \"to_world\" -> [[-0.127372, -0.715529, -0.686873, 3.33895],\n",
       "   [-0.828705, -0.303747, 0.470092, 0.224612],\n",
       "   [-0.545, 0.629092, -0.554273, 0.077814],\n",
       "   [0, 0, 0, 1]]\n",
       "    }\n",
       "  ]),\n",
       " ('Film',\n",
       "  Properties[\n",
       "    plugin_name = \"hdrfilm\",\n",
       "    id = \"_unnamed_16\",\n",
       "    elements = {\n",
       "      \"height\" -> 400,\n",
       "      \"width\" -> 600\n",
       "    }\n",
       "  ]),\n",
       " ('Sampler',\n",
       "  Properties[\n",
       "    plugin_name = \"independent\",\n",
       "    id = \"_unnamed_5\",\n",
       "    elements = {\n",
       "      \"sample_count\" -> 128\n",
       "    }\n",
       "  ]),\n",
       " ('Sampler',\n",
       "  Properties[\n",
       "    plugin_name = \"independent\",\n",
       "    id = \"_unnamed_17\",\n",
       "    elements = {\n",
       "      \"sample_count\" -> 128\n",
       "    }\n",
       "  ]),\n",
       " ('Film',\n",
       "  Properties[\n",
       "    plugin_name = \"hdrfilm\",\n",
       "    id = \"_unnamed_18\",\n",
       "    elements = {\n",
       "      \"height\" -> 400,\n",
       "      \"width\" -> 600\n",
       "    }\n",
       "  ]),\n",
       " ('Film',\n",
       "  Properties[\n",
       "    plugin_name = \"hdrfilm\",\n",
       "    id = \"_unnamed_4\",\n",
       "    elements = {\n",
       "      \"height\" -> 400,\n",
       "      \"width\" -> 600\n",
       "    }\n",
       "  ]),\n",
       " ('Sensor',\n",
       "  Properties[\n",
       "    plugin_name = \"perspective\",\n",
       "    id = \"elm__1\",\n",
       "    elements = {\n",
       "      \"far_clip\" -> 1000,\n",
       "      \"film\" -> \"_unnamed_2\",\n",
       "      \"fov\" -> 64.0221,\n",
       "      \"fov_axis\" -> \"x\",\n",
       "      \"near_clip\" -> 0.1,\n",
       "      \"principal_point_offset_x\" -> 0,\n",
       "      \"principal_point_offset_y\" -> 0,\n",
       "      \"sampler\" -> \"_unnamed_1\",\n",
       "      \"to_world\" -> [[-0.761487, -0.435817, -0.479794, 2.65777],\n",
       "   [-0.527851, -0.0126419, 0.849243, -1.83712],\n",
       "   [-0.37618, 0.899947, -0.22042, -1.39047],\n",
       "   [0, 0, 0, 1]]\n",
       "    }\n",
       "  ]),\n",
       " ('Film',\n",
       "  Properties[\n",
       "    plugin_name = \"hdrfilm\",\n",
       "    id = \"_unnamed_10\",\n",
       "    elements = {\n",
       "      \"height\" -> 400,\n",
       "      \"width\" -> 600\n",
       "    }\n",
       "  ]),\n",
       " ('Film',\n",
       "  Properties[\n",
       "    plugin_name = \"hdrfilm\",\n",
       "    id = \"_unnamed_2\",\n",
       "    elements = {\n",
       "      \"height\" -> 400,\n",
       "      \"width\" -> 600\n",
       "    }\n",
       "  ]),\n",
       " ('Sampler',\n",
       "  Properties[\n",
       "    plugin_name = \"independent\",\n",
       "    id = \"_unnamed_3\",\n",
       "    elements = {\n",
       "      \"sample_count\" -> 128\n",
       "    }\n",
       "  ]),\n",
       " ('Sampler',\n",
       "  Properties[\n",
       "    plugin_name = \"independent\",\n",
       "    id = \"_unnamed_23\",\n",
       "    elements = {\n",
       "      \"sample_count\" -> 128\n",
       "    }\n",
       "  ]),\n",
       " ('Sensor',\n",
       "  Properties[\n",
       "    plugin_name = \"perspective\",\n",
       "    id = \"elm__10\",\n",
       "    elements = {\n",
       "      \"far_clip\" -> 1000,\n",
       "      \"film\" -> \"_unnamed_20\",\n",
       "      \"fov\" -> 64.0221,\n",
       "      \"fov_axis\" -> \"x\",\n",
       "      \"near_clip\" -> 0.1,\n",
       "      \"principal_point_offset_x\" -> 0,\n",
       "      \"principal_point_offset_y\" -> 0,\n",
       "      \"sampler\" -> \"_unnamed_19\",\n",
       "      \"to_world\" -> [[-0.0538278, 0.529011, 0.846906, -3.42387],\n",
       "   [0.823223, -0.456519, 0.337483, 0.133935],\n",
       "   [0.56516, 0.715358, -0.410921, -0.598096],\n",
       "   [0, 0, 0, 1]]\n",
       "    }\n",
       "  ]),\n",
       " ('Sampler',\n",
       "  Properties[\n",
       "    plugin_name = \"independent\",\n",
       "    id = \"_unnamed_1\",\n",
       "    elements = {\n",
       "      \"sample_count\" -> 128\n",
       "    }\n",
       "  ]),\n",
       " ('Integrator',\n",
       "  Properties[\n",
       "    plugin_name = \"path\",\n",
       "    id = \"elm__0\",\n",
       "    elements = {\n",
       "      \"max_depth\" -> 12\n",
       "    }\n",
       "  ]),\n",
       " ('Sampler',\n",
       "  Properties[\n",
       "    plugin_name = \"independent\",\n",
       "    id = \"_unnamed_9\",\n",
       "    elements = {\n",
       "      \"sample_count\" -> 128\n",
       "    }\n",
       "  ]),\n",
       " ('Sensor',\n",
       "  Properties[\n",
       "    plugin_name = \"perspective\",\n",
       "    id = \"elm__7\",\n",
       "    elements = {\n",
       "      \"far_clip\" -> 1000,\n",
       "      \"film\" -> \"_unnamed_14\",\n",
       "      \"fov\" -> 64.0221,\n",
       "      \"fov_axis\" -> \"x\",\n",
       "      \"near_clip\" -> 0.1,\n",
       "      \"principal_point_offset_x\" -> 0,\n",
       "      \"principal_point_offset_y\" -> 0,\n",
       "      \"sampler\" -> \"_unnamed_13\",\n",
       "      \"to_world\" -> [[0.919741, 0.21946, 0.325444, -1.14708],\n",
       "   [0.320661, -0.898268, -0.300486, 3.33745],\n",
       "   [0.226391, 0.380727, -0.896546, 1.81134],\n",
       "   [0, 0, 0, 1]]\n",
       "    }\n",
       "  ]),\n",
       " ('Film',\n",
       "  Properties[\n",
       "    plugin_name = \"hdrfilm\",\n",
       "    id = \"_unnamed_12\",\n",
       "    elements = {\n",
       "      \"height\" -> 400,\n",
       "      \"width\" -> 600\n",
       "    }\n",
       "  ]),\n",
       " ('Sensor',\n",
       "  Properties[\n",
       "    plugin_name = \"perspective\",\n",
       "    id = \"elm__6\",\n",
       "    elements = {\n",
       "      \"far_clip\" -> 1000,\n",
       "      \"film\" -> \"_unnamed_12\",\n",
       "      \"fov\" -> 64.0221,\n",
       "      \"fov_axis\" -> \"x\",\n",
       "      \"near_clip\" -> 0.1,\n",
       "      \"principal_point_offset_x\" -> 0,\n",
       "      \"principal_point_offset_y\" -> 0,\n",
       "      \"sampler\" -> \"_unnamed_11\",\n",
       "      \"to_world\" -> [[0.999562, -0.0260534, 0.0140109, 0.290532],\n",
       "   [-0.0194337, -0.935423, -0.352996, 3.80493],\n",
       "   [0.0223028, 0.352569, -0.93552, 2.18121],\n",
       "   [0, 0, 0, 1]]\n",
       "    }\n",
       "  ]),\n",
       " ('Film',\n",
       "  Properties[\n",
       "    plugin_name = \"hdrfilm\",\n",
       "    id = \"_unnamed_6\",\n",
       "    elements = {\n",
       "      \"height\" -> 400,\n",
       "      \"width\" -> 600\n",
       "    }\n",
       "  ]),\n",
       " ('Sampler',\n",
       "  Properties[\n",
       "    plugin_name = \"independent\",\n",
       "    id = \"_unnamed_13\",\n",
       "    elements = {\n",
       "      \"sample_count\" -> 128\n",
       "    }\n",
       "  ]),\n",
       " ('Sensor',\n",
       "  Properties[\n",
       "    plugin_name = \"perspective\",\n",
       "    id = \"elm__8\",\n",
       "    elements = {\n",
       "      \"far_clip\" -> 1000,\n",
       "      \"film\" -> \"_unnamed_16\",\n",
       "      \"fov\" -> 64.0221,\n",
       "      \"fov_axis\" -> \"x\",\n",
       "      \"near_clip\" -> 0.1,\n",
       "      \"principal_point_offset_x\" -> 0,\n",
       "      \"principal_point_offset_y\" -> 0,\n",
       "      \"sampler\" -> \"_unnamed_15\",\n",
       "      \"to_world\" -> [[0.7136, 0.377279, 0.590284, -2.54665],\n",
       "   [0.570557, -0.801911, -0.177211, 2.72416],\n",
       "   [0.406497, 0.463248, -0.787503, 1.21879],\n",
       "   [0, 0, 0, 1]]\n",
       "    }\n",
       "  ]),\n",
       " ('Sampler',\n",
       "  Properties[\n",
       "    plugin_name = \"independent\",\n",
       "    id = \"_unnamed_19\",\n",
       "    elements = {\n",
       "      \"sample_count\" -> 128\n",
       "    }\n",
       "  ]),\n",
       " ('Film',\n",
       "  Properties[\n",
       "    plugin_name = \"hdrfilm\",\n",
       "    id = \"_unnamed_14\",\n",
       "    elements = {\n",
       "      \"height\" -> 400,\n",
       "      \"width\" -> 600\n",
       "    }\n",
       "  ]),\n",
       " ('Sampler',\n",
       "  Properties[\n",
       "    plugin_name = \"independent\",\n",
       "    id = \"_unnamed_15\",\n",
       "    elements = {\n",
       "      \"sample_count\" -> 128\n",
       "    }\n",
       "  ]),\n",
       " ('Sampler',\n",
       "  Properties[\n",
       "    plugin_name = \"independent\",\n",
       "    id = \"_unnamed_7\",\n",
       "    elements = {\n",
       "      \"sample_count\" -> 128\n",
       "    }\n",
       "  ]),\n",
       " ('Sensor',\n",
       "  Properties[\n",
       "    plugin_name = \"perspective\",\n",
       "    id = \"elm__2\",\n",
       "    elements = {\n",
       "      \"far_clip\" -> 1000,\n",
       "      \"film\" -> \"_unnamed_4\",\n",
       "      \"fov\" -> 64.0221,\n",
       "      \"fov_axis\" -> \"x\",\n",
       "      \"near_clip\" -> 0.1,\n",
       "      \"principal_point_offset_x\" -> 0,\n",
       "      \"principal_point_offset_y\" -> 0,\n",
       "      \"sampler\" -> \"_unnamed_3\",\n",
       "      \"to_world\" -> [[-0.40831, -0.629649, -0.660927, 3.35112],\n",
       "   [-0.752151, -0.178205, 0.634439, -0.77301],\n",
       "   [-0.517254, 0.756165, -0.400828, -0.591697],\n",
       "   [0, 0, 0, 1]]\n",
       "    }\n",
       "  ]),\n",
       " ('Sensor',\n",
       "  Properties[\n",
       "    plugin_name = \"perspective\",\n",
       "    id = \"elm__9\",\n",
       "    elements = {\n",
       "      \"far_clip\" -> 1000,\n",
       "      \"film\" -> \"_unnamed_18\",\n",
       "      \"fov\" -> 64.0221,\n",
       "      \"fov_axis\" -> \"x\",\n",
       "      \"near_clip\" -> 0.1,\n",
       "      \"principal_point_offset_x\" -> 0,\n",
       "      \"principal_point_offset_y\" -> 0,\n",
       "      \"sampler\" -> \"_unnamed_17\",\n",
       "      \"to_world\" -> [[0.242004, 0.527287, 0.814495, -3.51505],\n",
       "   [0.809586, -0.572419, 0.130027, 1.18537],\n",
       "   [0.534794, 0.627937, -0.565412, 0.264129],\n",
       "   [0, 0, 0, 1]]\n",
       "    }\n",
       "  ])]"
      ]
     },
     "execution_count": 3,
     "metadata": {},
     "output_type": "execute_result"
    }
   ],
   "source": [
    "mi.xml_to_props(\"banana_updated.xml\")"
   ]
  },
  {
   "cell_type": "code",
   "execution_count": 4,
   "metadata": {},
   "outputs": [],
   "source": [
    "from mitsuba import ScalarTransform4f as T\n",
    "\n",
    "active_indices_plus_1 = [1, 2, 3, 4, 5, 6, 7, 8, 9, 10, 11, 12, 13, 14]\n",
    "active_indices = [index-1 for index in active_indices_plus_1]\n",
    "\n",
    "to_world_list = [\n",
    "    T([\n",
    "        [-0.761487, -0.435817, -0.479794, 2.65777],\n",
    "        [-0.527851, -0.0126419, 0.849243, -1.83712],\n",
    "        [-0.37618, 0.899947, -0.22042, -1.39047],\n",
    "        [0, 0, 0, 1]\n",
    "    ]), #1\n",
    "    T([\n",
    "        [-0.40831, -0.629649, -0.660927, 3.35112],\n",
    "        [-0.752151, -0.178205, 0.634439, -0.77301],\n",
    "        [-0.517254, 0.756165, -0.400828, -0.591697],\n",
    "        [0, 0, 0, 1]\n",
    "    ]), #2\n",
    "    T([\n",
    "        [-0.127372, -0.715529, -0.686873, 3.33895],\n",
    "        [-0.828705, -0.303747, 0.470092, 0.224612],\n",
    "        [-0.545, 0.629092, -0.554273, 0.077814],\n",
    "        [0, 0, 0, 1]\n",
    "    ]), #3\n",
    "    T([\n",
    "        [0.313648, -0.580312, -0.751573, 4.23076],\n",
    "        [-0.829941, -0.552095, 0.0799364, 1.81866],\n",
    "        [-0.461328, 0.598689, -0.654788, 0.998348],\n",
    "        [0, 0, 0, 1]\n",
    "    ]), #4\n",
    "    T([\n",
    "        [0.877061, -0.306184, -0.370156, 2.23515],\n",
    "        [-0.426908, -0.8501, -0.308349, 3.73857],\n",
    "        [-0.220258, 0.428463, -0.876302, 2.02305],\n",
    "        [0, 0, 0, 1]\n",
    "    ]), #5\n",
    "    T([\n",
    "        [0.999562, -0.0260534, 0.0140109, 0.290532],\n",
    "        [-0.0194337, -0.935423, -0.352996, 3.80493],\n",
    "        [0.0223028, 0.352569, -0.93552, 2.18121],\n",
    "        [0, 0, 0, 1]\n",
    "    ]), #6\n",
    "    T([\n",
    "        [0.919741, 0.21946, 0.325444, -1.14708],\n",
    "        [0.320661, -0.898268, -0.300486, 3.33745],\n",
    "        [0.226391, 0.380727, -0.896546, 1.81134],\n",
    "        [0, 0, 0, 1]\n",
    "    ]), #7\n",
    "    T([\n",
    "        [0.7136, 0.377279, 0.590284, -2.54665],\n",
    "        [0.570557, -0.801911, -0.177211, 2.72416],\n",
    "        [0.406497, 0.463248, -0.787503, 1.21879],\n",
    "        [0, 0, 0, 1]\n",
    "    ]), #8\n",
    "    T([\n",
    "        [0.242004, 0.527287, 0.814495, -3.51505],\n",
    "        [0.809586, -0.572419, 0.130027, 1.18537],\n",
    "        [0.534794, 0.627937, -0.565412, 0.264129],\n",
    "        [0, 0, 0, 1]\n",
    "    ]), #9\n",
    "    T([\n",
    "        [-0.0538278, 0.529011, 0.846906, -3.42387],\n",
    "        [0.823223, -0.456519, 0.337483, 0.133935],\n",
    "        [0.56516, 0.715358, -0.410921, -0.598096],\n",
    "        [0, 0, 0, 1]\n",
    "    ]), #10\n",
    "    # somehow there's a flip going on for #11 and #12 sensors\n",
    "    T([\n",
    "        [-0.538345, 0.435982, 0.721182, -2.87239],\n",
    "        [0.699711, -0.245695, 0.670849, -1.53885],\n",
    "        [0.469669, 0.865768, -0.172793, -1.58024],\n",
    "        [0, 0, 0, 1]\n",
    "    ]), #12\n",
    "    T([\n",
    "        [-0.886821, 0.229873, 0.400883, -1.07143],\n",
    "        [0.397902, -0.0612994, 0.915378, -2.60014],\n",
    "        [0.234995, 0.971288, -0.0371054, -2.38561],\n",
    "        [0, 0, 0, 1]\n",
    "    ]), #11\n",
    "    T([\n",
    "        [-0.994695, -0.00129575, 0.102857, 0.36554],\n",
    "        [0.10286, -0.00344105, 0.99469, -2.86139],\n",
    "        [-0.000934934, 0.999993, 0.00355608, -2.3446],\n",
    "        [0, 0, 0, 1]\n",
    "    ]), #13\n",
    "    T([\n",
    "        [-0.924944, -0.259631, -0.277615, 2.17347],\n",
    "        [-0.274506, -0.0489222, 0.96034, -2.67508],\n",
    "        [-0.262915, 0.964468, -0.0260199, -2.23297],\n",
    "        [0, 0, 0, 1]\n",
    "    ])  #14\n",
    "]\n",
    "\n",
    "sensor_count = len(active_indices)\n",
    "sensors = []\n",
    "\n",
    "for i in active_indices:\n",
    "    sensors.append(mi.load_dict({\n",
    "        'type': 'perspective',\n",
    "        'fov_axis' : 'x',\n",
    "        'fov': 64.022150,\n",
    "        'to_world': to_world_list[i],\n",
    "        'film': {\n",
    "            'type': 'hdrfilm',\n",
    "            'width': 600, 'height': 400,\n",
    "            'filter': {'type': 'gaussian'},\n",
    "            'sample_border': True\n",
    "        },\n",
    "        'sampler': {\n",
    "            'type': 'independent',\n",
    "            'sample_count': 128\n",
    "        }\n",
    "    }))\n"
   ]
  },
  {
   "cell_type": "code",
   "execution_count": 5,
   "metadata": {},
   "outputs": [
    {
     "name": "stdout",
     "output_type": "stream",
     "text": [
      "SceneParameters[\n",
      "  ---------------------------------------------------------------------------------\n",
      "  Name                          Flags    Type  Parent\n",
      "  ---------------------------------------------------------------------------------\n",
      "  bsdf.reflectance.scale                 float MeshAttribute\n",
      "  silhouette_sampling_weight             float PLYMesh\n",
      "  faces                                  UInt  PLYMesh\n",
      "  vertex_positions              ∂, D     Float PLYMesh\n",
      "  vertex_normals                ∂, D     Float PLYMesh\n",
      "  vertex_texcoords              ∂        Float PLYMesh\n",
      "  vertex_color                  ∂        Float PLYMesh\n",
      "]\n",
      "SceneParameters[\n",
      "  ---------------------------------------------------------------------------------------\n",
      "  Name                                Flags    Type  Parent\n",
      "  ---------------------------------------------------------------------------------------\n",
      "  emitter.sampling_weight                      float ConstantBackgroundEmitter\n",
      "  emitter.radiance.value              ∂        Float UniformSpectrum\n",
      "  shape.bsdf.reflectance.scale                 float MeshAttribute\n",
      "  shape.silhouette_sampling_weight             float PLYMesh\n",
      "  shape.faces                                  UInt  PLYMesh\n",
      "  shape.vertex_positions              ∂, D     Float PLYMesh\n",
      "  shape.vertex_normals                ∂, D     Float PLYMesh\n",
      "  shape.vertex_texcoords              ∂        Float PLYMesh\n",
      "  shape.vertex_color                  ∂        Float PLYMesh\n",
      "]\n",
      "[0.20000000298023224, 0.20000000298023224, 0.20000000298023224, 0.20000000298023224, 0.20000000298023224, 0.20000000298023224, 0.20000000298023224, 0.20000000298023224, 0.20000000298023224]\n",
      "[0.4032042324542999, 0.7792523503303528, -0.4797833263874054, 0.31487056612968445, 0.79954993724823, -0.5114455223083496, 0.38978806138038635, 0.7380382418632507, -0.5507856607437134]\n"
     ]
    }
   ],
   "source": [
    "# If exporting PLY from Blender:\n",
    "# Format        : Check \"ASCII\" (for later edits)\n",
    "# Limit to      : Check \"Selected Only\"\n",
    "# Scale         : 1.000\n",
    "# Forward Axis  : -Z\n",
    "# Up Axis       : Y\n",
    "# Objects       : Check Apply Modifiers (if needed)\n",
    "# Geometry      : Dont Check \"UV Coordinates\" (not needed)\n",
    "#                 Don't Check \"Vertex Normals\" (let Mitsuba calculate)\n",
    "# Vertex Colors : Select \"Linear\"\n",
    "#                 Check \"Triangulated Mesh\"\n",
    "# Then, manually edit the PLY file:\n",
    "# 1. In the header:\n",
    "#   change \"uchar color\" to \"float color\" where \"color\" is \"red\"/\"green\"/\"blue\"\n",
    "#   remove the line \"property uchar alpha\"\n",
    "# 2. After the header:\n",
    "#   replace all (0-255, 0-255, 0-255, 0-255) rbga values with (0-1, 0-1, 0-1) rgb values\n",
    "# 3. When loading the PLY file in Mitsuba:\n",
    "#   need 'flip_normals' : True\n",
    "\n",
    "mesh = mi.load_dict({\n",
    "    \"type\": \"ply\",\n",
    "    'filename': \"./meshes/banana_view11.ply\",\n",
    "    # 'flip_normals' : True,\n",
    "    \"bsdf\": {\n",
    "        \"type\": \"diffuse\",\n",
    "        'reflectance': {\n",
    "            'type': 'mesh_attribute',\n",
    "            'name': 'vertex_color'\n",
    "        }\n",
    "        # 'reflectance': {\n",
    "        #     'type': 'rgb',\n",
    "        #     'value': [0.2, 0.2, 0.2]\n",
    "        # }\n",
    "    }\n",
    "})\n",
    "\n",
    "attribute_size = mesh.vertex_count() * 3\n",
    "mesh.add_attribute(\n",
    "    \"vertex_color\", 3, [0.20] * attribute_size\n",
    ")\n",
    "\n",
    "mesh_params = mi.traverse(mesh)\n",
    "print(mesh_params)\n",
    "# mesh_params['vertex_normals'] *= -1\n",
    "# mesh_params.update()\n",
    "\n",
    "scene_dict = {\n",
    "    'type': 'scene',\n",
    "    'integrator': {\n",
    "        'type': 'direct_projective',\n",
    "        'sppi': 0, \n",
    "    },\n",
    "    'emitter': {\n",
    "        'type': 'constant',\n",
    "        'radiance': 1.0,\n",
    "    },\n",
    "    'shape': mesh\n",
    "}\n",
    "\n",
    "scene = mi.load_dict(scene_dict)\n",
    "params = mi.traverse(scene)\n",
    "print(params)\n",
    "print(list(params[\"shape.vertex_color\"])[:9])\n",
    "print(list(params[\"shape.vertex_normals\"])[:9])\n"
   ]
  },
  {
   "cell_type": "code",
   "execution_count": 6,
   "metadata": {},
   "outputs": [],
   "source": [
    "def plot_images(images):\n",
    "    images_count = len(images)\n",
    "    fig, axs = plt.subplots(1, images_count, figsize=(images_count*5, 5))\n",
    "    if images_count == 1:\n",
    "        axs.imshow(mi.util.convert_to_bitmap(images[i]))\n",
    "        axs.axis('off')\n",
    "    else:\n",
    "        for i in range(images_count):\n",
    "            axs[i].imshow(mi.util.convert_to_bitmap(images[i]))\n",
    "            axs[i].axis('off')\n",
    "\n",
    "def plot_images_each(images):\n",
    "    for image in images:\n",
    "        plt.imshow(mi.util.convert_to_bitmap(image))\n",
    "        plt.axis(\"off\")\n",
    "        plt.show()\n"
   ]
  },
  {
   "cell_type": "code",
   "execution_count": 7,
   "metadata": {},
   "outputs": [
    {
     "data": {
